693784512487512936125963874932651487568247391741398625319475268856129743274836159
693784512487512936125963874932651487568247391741398625319475268856129743274836159
793684512486512937125973846932751684578246391641398725319465278857129463264837159
673894512912735486845612973798261354526473891134589267469128735287356149351947628
679835412123694758548217936416723895892561374735489621287956143961342587354178269
346795812258431697971862543129576438835214769764389251517948326493627185682153974
598463712742851639316729845175632498869145273423978156934287561681594327257316984
364978512152436978879125634738651429691247385245389167923764851486512793517893246
649835712358217964172649385916784523834521679725963148287356491591472836463198257
367485912425391867189726354873254196651973428294168573718649235946532781532817649
378694512564218397291753684643125978712869453859437261435971826186542739927386145
346895712725361984198427356984256173651783429273149568819674235467532891532918647
349756812826143579157829364593264187761398425284571693915487236478632951632915748
546938712987421536213675498165794283432186975798352641871269354659843127324517869
869725413512934687374168529798246135231857946456319872683571294925483761147692358
562874913839215647174639582345761298728953461916482375283196754651347829497528136
572649813986531472314872596238457961167298345459163287893726154741385629625914738
867942513254731968319568724532496871196827345478153296743689152621375489985214637
967248513254731869318569724835426971126987345479153286743692158681375492592814637
278649513956831472314572896532467981167298345489153267893726154741385629625914738
549728613328561497716493825183654972957832146264179358892347561671985234435216789
867459213945231687213768954689517432324896175571324869436172598158943726792685341
867459213549231687213768954986517432375824169421396875634172598158943726792685341
978654213546231798213879654697518432481326975325947186734182569159463827862795341
978654213645231798213879654796518432521347986384926175437182569159463827862795341
478526913219837456365149872793214685521968734846753129932481567687395241154672398
827945613431286975659173842378462591514398267296517384942831756163759428785624139
675924813413867592298153476732415968841396725569782134924531687387649251156278349
769823514145769283823451976456217398931685427278934651614598732397142865582376149
976583214481629357523741869315874926749362581862195473198456732654237198237918645
857926314341758692962431578184365927795214836623879145519647283436182759278593461
596782314318465279724319658943821765185976423267534891471698532652143987839257146
596872314318465279724319658943721865167598423285634791471986532652143987839257146
569872314318469257724315689943721865157986423286534791471658932692143578835297146
538279614762148593914536287296714358451893726873652149347921865625487931189365472
826375914795481326413269857942713685651928473387654291164592738238147569579836142
826375914975481326413269857742913685651728493389654271164592738238147569597836142
964237815182459376357861429891376254725184963436592187548723691219645738673918542
762389415395412678481675932679854321254193867138726594547931286823567149916248753
782463915945812673361975842478256391256139487139784526597641238823597164614328759
798342615365819472421675938679458321254193867183726594547931286832567149916284753
248967315516832947397154268423596871659781432781423596175249683834615729962378154
248967315517832946693154287426593871359781462781426593175249638864315729932678154
729348615836915472451672938678254391245193867193786524567431289982567143314829756
792348615836915472451672938679854321245193867183726594567431289928567143314289756
829463715475912683361785942784256391956137428132894576598641237243578169617329854
879362415635914782421785639784659321256143978193827546568431297942578163317296854
379284615428561739561793428213657984786149253945328176157436892692875341834912567
823479615145683792697251348718345269562197834934862571371524986289716453456938127
472983615385614972196572483641857239237491856859326147913245768524768391768139524
634879215792541368518263479359418726861792543247635981175926834483157692926384157
864793251129568734753241869645987312937125486218634597471856923382419675596372148
897236451425871936613459782938145627541627893276398145169582374754963218382714569
467829351821435967359176842618394275594782136273561498945618723132957684786243519
769432851521698473843157962956321784437986125182574396374865219698213547215749638
693824751725631498814579326176983245348752169259146873581467932462398517937215684
897263451431875296625149783976451832183792645254638179542986317719324568368517924
876429351543816792219375684185237946364591827792648513621983475438752169957164238
739248651641735289825169374498513726517426938362987415953671842174892563286354197
937628451641795328852143697295384716763251984418967532189436275374512869526879143
376824951248915736951367482187452693539678214462193578714289365625731849893546127
273648951465917328189235467938576214721489536546123879314792685692851743857364192
273648951465917328189235467938576214712489536546123879324791685691852743857364192
289736451765421839413958672837145926541692783692387145128579364954863217376214598
932468751467125389158793624691574832825631947743289516384916275216857493579342168
438769251761425839952138746217384695584976123693512487845697312126853974379241568
479863251861425937352179846218394675594786123637512498945638712126957384783241569
369784251174235869852196437287561943435972618916843572593427186721658394648319725
692438751187259463543176982935762814726814539814593627461925378378641295259387146
496378251281495376735126984628531749517942638943867125852719463164283597379654812
723648951891735246456912837175493628382561794649827513918274365564389172237156489
376249851491758263825163497657481932149532678238697145582976314763814529914325786
483697251271835496569214783148379625356428179927156348734581962615942837892763514
467298351281365497593714862149683725356472189728159643834521976615947238972836514
936472851275681943148935726317246598594718632862359417483527169621894375759163284
463729851285641739197835462371256984946387215528194673732918546614572398859463127
436729851285641739197835462371256984942387615568194273723918546614572398859463127
739624851265871943481539726912457638346198275578362419857943162694215387123786594
439782651267514938158639274395471826642853719871296345916325487583947162724168593
468973251375126489129845763942618537537294618816357942651782394794531826283469175
687329451395741628241856739856172943973684512124935876718593264469217385532468197
637429851485731692129865473256174938391582746748396125572648319963217584814953267
793468251465271398281953674937816425658742139124539867349125786516387942872694513
329748651465231798781569342193456287256387914874192563942875136618923475537614829
739624851465871923281539746912457638346198275578362419857943162694215387123786594
732496851465218397189537246824951673571623984396874125953762418218345769647189532
843972651625813479197645238712594863356287914489361527561439782938726145274158396
237846951641935287985712463376584192812693574594271638169327845728459316453168729
329768451645231798781549362193456287254387916876192543962875134418923675537614829
892463751756291834143875962924658317537912648681734295319527486268149573475386129
423678951791245386865193472654912837912837564378564219289751643537426198146389725
726398451845127936391456728917642583684935217253871694432719865169584372578263149
467892351859173624312654987143285769678419532925367148786521493231946875594738216
467892351859173642312456987143285769928617534675349128786521493231964875594738216
962743851814295736753186924645972318378451692291638547486319275537824169129567483
623987451875241963491536278718495632562173849934628517189764325256319784347852196
632784951895321674174695238526917843381542796749836125967153482258469317413278569
967284351821735649354691278473912586192856437685473192716548923249367815538129764
692783451843915672175264938259437186316859724784621395921576843567348219438192567
324679851965281473187534692451368927792415386836927514248196735519743268673852149
968341752235786941147529368813652497579134826624897513496273185781465239352918674
768341952259786341134529768813652479597134826642978513476293185981465237325817694
419867352623459187578213964831745629754926813962381475296174538385692741147538296
419867352625413987378259164831745629754926813962381475296174538583692741147538296
413867952629453187578219364831745629754926813962381475296174538385692741147538296
167489352425361879389725614874256193651973428293148567718694235946532781532817946
148276953629538714375491862894615327751382496236947185583729641412863579967154238
467182953132459876985637142596248731278513469341976528713864295824395617659721384
742186953168539472359472816435291687897365241621847395586724139913658724274913568
824196753639725184175384926746839512251647839398512467987253641563471298412968375
469128753753694812281573946524761398938452167176389524817946235695237481342815679
294178653837562194516394278745231869968745312123986547672453981389617425451829736
378192654254863197916475283195346728847251936623789541582637419469518372731924865
867391254419725683253684917742956831935812746186473529628147395394568172571239468
369781254418925637257634819942856371835417926176392548623148795794563182581279463
139867254674352819258491637415936728382745961796218543923674185841529376567183492
693812754178354629452697813589726341741935268236481597327169485815243976964578132
187293654294675813536814927468159732375462198921738546713946285859327461642581379
162837954354921768897654312583716249429583671716249583278195436641372895935468127
298137654316854927457692318841723569739568142562941783925476831683219475174385296
682793154741625983539814672864259731915437826327186549173948265258361497496572318
213867954759134628468259137597483216381672549624915783932546871175398462846721395
267931854958764231431528967376152489814697325592483716629345178143876592785219643
917243856653871294482695731148362579376589412295714368839456127564127983721938645
194832756783516249562947831459273618378691524216458973641729385937185462825364197
314296857795843612682175943429317568863529471157468329946782135571934286238651794
912436857436785912875921346361294578729658431584317629143879265258163794697542183
731462859592138476486597231349671528658329714217845693825916347163754982974283165
283174659741695283596328714359261478128743596674589132867912345932457861415836927
872359461165427938943816572784965213659132847321784659516293784237548196498671325
293854761867213954541796832935168427486972315172435698619547283324681579758329146
372549861146328597589716423238465719657891342914273658721684935495137286863952174
584237961129465783376981425963128547412576839857349612741892356635714298298653174
857293461219764538364185279598431726642879153173652894425916387981327645736548912
957283461218764539364195278549831726682947153173652984825416397791328645436579812
897234561356891274421657839945316782168572943273489615534968127619723458782145396
859273461217964538364185297598431726642897153173652849925716384481329675736548912
854273961267914538319685274598736412172849653643152897725461389986327145431598726
854273961217964538369185274598731426672849153143652897725416389981327645436598712
749385261865712934321694857276431589154869372983257146632978415418526793597143628
485239761629817345371654289814923576936175824752486193598761432167342958243598617
583472961426519873719638425192364758354187296867925134948256317671893542235741689
248537961931264578765189432126953847894721356573648129419376285682495713357812694
472539861931486257856172934694321785125748693387965142263814579548297316719653428
758432961643951728219867354176243589832195647594786132381674295467529813925318476
387924561549316827261578493198462735635789214472153689814295376756831942923647158
387924561549316827261578493198462735653789214472153689814295376736841952925637148
872345961543691782916827543425918376689273154137456298754162839268739415391584627
273584961851926473964317825748163259632495187519278346126749538485631792397852614
347289561851736492962514873714368259635492187298157346126945738483671925579823614
394725861856931274712864935681542793235697148479318526923186457167459382548273619
